{"fiducials":[{"family":"apriltag3_36h11_classic","id":1,"size":165.1,"transform":[-0.5877852522924729,-0.8090169943749473,0,7.923198000000001,0.8090169943749473,-0.5877852522924729,0,-3.3706799999999997,0,0,1,1.4859,0,0,0,1],"unique":true},{"family":"apriltag3_36h11_classic","id":2,"size":165.1,"transform":[-0.5877852522924734,0.8090169943749473,0,7.923198000000001,-0.8090169943749473,-0.5877852522924734,0,3.3704799999999997,0,0,1,1.4859,0,0,0,1],"unique":true},{"family":"apriltag3_36h11_classic","id":3,"size":165.1,"transform":[-2.220446049250313e-16,1,0,2.786809999999999,-1,-2.220446049250313e-16,0,4.02961,0,0,1,1.30175,0,0,0,1],"unique":true},{"family":"apriltag3_36h11_classic","id":4,"size":165.1,"transform":[0.8660254037844387,0,0.49999999999999994,0.5020799999999994,0,1,0,2.111656,-0.49999999999999994,0,0.8660254037844387,1.8679160000000001,0,0,0,1],"unique":true},{"family":"apriltag3_36h11_classic","id":5,"size":165.1,"transform":[0.8660254037844387,0,0.49999999999999994,0.5020799999999994,0,1,0,-2.1110939999999996,-0.49999999999999994,0,0.8660254037844387,1.8679160000000001,0,0,0,1],"unique":true},{"transform":[0.5000000000000001,0.8660254037844386,0,5.157,-0.8660254037844386,0.5000000000000001,0,-0.7196820000000002,0,0,1,0.308102,0,0,0,1],"size":165.1,"id":6,"family":"apriltag3_36h11_classic","unique":1},{"transform":[1,0,0,5.567,0,1,0,-0.00009999999999976694,0,0,1,0.308102,0,0,0,1],"size":165.1,"id":7,"family":"apriltag3_36h11_classic","unique":1},{"transform":[0.5000000000000001,-0.8660254037844386,0,5.1576000000001,0.8660254037844386,0.5000000000000001,0,0.7194820000000002,0,0,1,0.308102,0,0,0,1],"size":165.1,"id":8,"family":"apriltag3_36h11_classic","unique":1},{"transform":[-0.4999999999999998,-0.8660254037844388,0,4.326,0.8660254037844388,-0.4999999999999998,0,0.7194820000000002,0,0,1,0.308102,0,0,0,1],"size":165.1,"id":9,"family":"apriltag3_36h11_classic","unique":1},{"transform":[-1,-1.2246467991473532e-16,0,3.91,1.2246467991473532e-16,-1,0,-0.00009999999999976694,0,0,1,0.308102,0,0,0,1],"size":165.1,"id":10,"family":"apriltag3_36h11_classic","unique":1},{"transform":[-0.5000000000000009,0.866025403784438,0,4.326,-0.866025403784438,-0.5000000000000009,0,-0.7196820000000002,0,0,1,0.308102,0,0,0,1],"size":165.1,"id":11,"family":"apriltag3_36h11_classic","unique":1},{"family":"apriltag3_36h11_classic","id":12,"size":165.1,"transform":[0.5877852522924731,-0.8090169943749473,0,-7.922845999999999,0.8090169943749473,0.5877852522924731,0,-3.3706799999999997,0,0,1,1.4859,0,0,0,1],"unique":true},{"family":"apriltag3_36h11_classic","id":13,"size":165.1,"transform":[0.587785252292473,0.8090169943749475,0,-7.922845999999999,-0.8090169943749475,0.587785252292473,0,3.3704799999999997,0,0,1,1.4859,0,0,0,1],"unique":true},{"family":"apriltag3_36h11_classic","id":14,"size":165.1,"transform":[-0.8660254037844388,-1.2246467991473532e-16,-0.49999999999999994,-0.501728,1.0605752387249069e-16,-1,6.123233995736766e-17,2.111656,-0.49999999999999994,0,0.8660254037844387,1.8679160000000001,0,0,0,1],"unique":true},{"family":"apriltag3_36h11_classic","id":15,"size":165.1,"transform":[-0.8660254037844388,-1.2246467991473532e-16,-0.49999999999999994,-0.501728,1.0605752387249069e-16,-1,6.123233995736766e-17,-2.1110939999999996,-0.49999999999999994,0,0.8660254037844387,1.8679160000000001,0,0,0,1],"unique":true},{"family":"apriltag3_36h11_classic","id":16,"size":165.1,"transform":[-2.220446049250313e-16,-1.0000000000000002,0,-2.7864579999999997,1.0000000000000002,-2.220446049250313e-16,0,-4.0298099999999994,0,0,1,1.30175,0,0,0,1],"unique":true},{"transform":[-0.5000000000000009,0.866025403784438,0,-5.157,-0.866025403784438,-0.5000000000000009,0,-0.7196820000000002,0,0,1,0.308102,0,0,0,1],"size":165.1,"id":17,"family":"apriltag3_36h11_classic","unique":1},{"transform":[-1,-1.2246467991473532e-16,0,-5.5679999999999,1.2246467991473532e-16,-1,0,-0.00009999999999976694,0,0,1,0.308102,0,0,0,1],"size":165.1,"id":18,"family":"apriltag3_36h11_classic","unique":1},{"transform":[-0.4999999999999998,-0.8660254037844388,0,-5.1574,0.8660254037844388,-0.4999999999999998,0,0.7194820000000002,0,0,1,0.308102,0,0,0,1],"size":165.1,"id":19,"family":"apriltag3_36h11_classic","unique":1},{"transform":[0.5000000000000001,-0.8660254037844386,0,-4.326,0.8660254037844386,0.5000000000000001,0,0.7194820000000002,0,0,1,0.308102,0,0,0,1],"size":165.1,"id":20,"family":"apriltag3_36h11_classic","unique":1},{"transform":[1,0,0,-3.910953999999999,0,1,0,-0.00009999999999976694,0,0,1,0.308102,0,0,0,1],"size":165.1,"id":21,"family":"apriltag3_36h11_classic","unique":1},{"transform":[0.5000000000000001,0.8660254037844386,0,-4.32606,-0.8660254037844386,0.5000000000000001,0,-0.7196820000000002,0,0,1,0.308102,0,0,0,1],"size":165.1,"id":22,"family":"apriltag3_36h11_classic","unique":1}],"type":"frc","fieldlength":17.5482504,"fieldwidth":8.0519016}